34
34
45
23
34
56
23
12
34
34
45
23
34
56
23
12
34
34
45
23
34
56
23
12
34
34
45
23
34
56
23
12
34
34
45
23
34
56
23
12
34
34
45
23
34
56
23
12
34
34
45
23
34
56
23
12
34
34
45
23
34
56
23
12
34
34
45
23
34
56
23
12
34
34
45
23
34
56
23
12
34
34
45
23
34
56
23
12
34
34
45
23
34
56
23
12
34
34
45
23
34
56
23
12
34
34
45
23
34
56
23
12
34
34
45
23
34
56
23
12
34
34
45
23
34
56
23
12
34
34
45
23
34
56
23
12
34
34
45
23
34
56
23
12
34
34
45
23
34
56
23
12
34
34
45
23
34
56
23
12
34
34
45
23
34
56
23
12
34
34
45
23
34
56
23
12
34
34
45
23
34
56
23
12
34
34
45
23
34
56
23
12
34
34
45
23
34
56
23
12
34
34
45
23
34
56
23
12
34
34
45
23
34
56
23
12
34
34
45
23
34
56
23
12
